b'Fp1' 92.058774  40.450641 -17.961779 
b'Fp2' 92.038113 -39.680703 -18.354467
b'F4' 48.141904 -59.726191  32.776482 
b'F3' 49.215463 60.455309 31.733126 
b'C3'' -14.205444  67.614368  49.517899 
b'C3' -15.360024 -68.45503   50.095189 
b'C3' -73.196167 -51.338596  28.669792 
b'C3' -72.793975  53.918816  26.418765 
b'C3' -95.847986 -40.366461 -14.532987 
b'C3' -94.934028  38.495754 -15.218745 
b'C3' 38.32797  -76.481056 -22.066093 
b'C3' 36.512345  77.509667 -20.704813 
b'C3' 0.804103 -83.323996 -22.066093 
b'C3' 0.852908  82.845258 -22.076329 
b'C3' -69.094448 -67.377451 -19.333296 
b'C3' -69.780206  65.76391  -18.647537 
b'C3' -80.066582   0.093284  47.177832 
b'C3' 59.82813   0.093284 60.636996 
b'C3' 57.378549  67.264075 -53.817058 
b'C3' 56.801258 -66.90316  -52.085187 
b'C3' 34.001593  76.984993 -52.935457 
b'C3' 34.286938 -76.125757 -52.662477 
b'C3' -89.076842  38.495754 -69.393658 
b'C3' -87.659771 -40.649056 -70.558475 
b'C3' -36.863804  80.834869 -20.704813 
b'C3' -44.190192  74.262348 -54.306974 
b'C3' -45.379118 -74.929622 -54.394348 
b'C3' -36.863804 -80.738836 -21.390571 
b'C3' -105.458281   -0.592474  -14.532987 
b'C3' -103.683953   -0.16483   -40.928467 
b'C3' -91.165409 -30.765844  14.268866 
b'C3' -91.575686  31.533484  14.810029 
b'C3' -44.391271  76.828773  11.550039 
b'C3' -43.647247 -76.940309  11.416742 
b'C3' -52.623627  40.688781  62.699437 
b'C3' -52.306601 -41.082396  63.950156 
b'C3'  7.710492  79.752649 -53.621215 
b'C3'  8.308876 -79.848881 -52.662477 
b'C3' 18.682626 -37.623428  67.131978 
b'C3' 19.044644 38.889815 68.529991 
b'C3' 83.552925 35.066023 22.387558 
b'C3' 82.776577 -36.727781  21.43286 
b'C3' 14.659069 -80.671201  11.994032 
b'C3' 15.928454 80.424924 11.669741 
b'C3' -51.26473   -0.592474  77.068739 
b'C3' -79.319207  30.500743  40.08822 
b'C3' -96.895005  -0.592474  13.583107 
b'C3' -78.578592 -29.394327  41.699201 
b'C3' -69.048019 -64.152742   5.643839 
b'C3' -13.628154 -83.192653  13.148613 
b'C3' -69.423676  64.510035   6.533742 
b'C3' -16.291052  40.553029  73.752942 
b'C3' -17.091895 -39.926529  74.918671 
b'C3' -12.09203   81.793784  12.096391 
b'C3' 55.71358  -32.137361  53.71335 
b'C3' 42.946292 -75.187245   6.22113 
b'C3' 55.624343 32.90087  54.299149 
b'C3' 61.748206 -67.111039 -19.567403 
b'C3' 42.929297 73.897314  8.543862 
b'C3' 61.885405  67.551743 -18.647537 
b'C3' 1.02799136e+02  9.32840000e-02 -1.84108120e+01 
b'C3' 18.682626  0.779042 79.212641 
b'C3' -16.97681    0.093284  84.638836 
